100
ADF
6
8
9
1
CAD
59
60
64
1
EGP
10
12
13
1
CNY
7
9
10
1
USD
61
66
70
1
HRK
9
11
12
1
KWD
189
190
206
1
ADF
6
8
9
2
BAM
47
51
56
1
EGP
8
10
11
2
Eur
78
83
89
1
KWD
242
246
261
2
XAG
1083
1118
1152
1
HKD
8
9
10
1
ADF
8
10
11
3
BHD
157
162
174
1
TRY
38
43
44
1
USD
60
62
64
2
BHD
172
173
175
2
KWD
242
246
249
3
HKD
8
9
10
2
XCD
18
20
21
1
Eur
76
81
86
2
ADF
7
9
10
4
EGP
9
11
12
3
GBP
106
114
121
1
Eur
87
94
98
3
HRK
11
12
13
2
HRK
9
11
12
3
CAD
51
54
59
2
ADF
8
10
11
5
USD
56
61
66
3
CNY
8
10
11
2
USD
65
66
67
4
Eur
75
81
84
4
XAG
954
1017
1079
2
USD
71
73
75
5
ADF
6
8
9
6
KWD
203
222
236
4
Eur
88
93
97
5
Eur
83
92
98
6
TRY
41
43
47
2
EGP
10
12
13
4
HKD
6
8
9
3
Eur
96
103
107
7
BHD
167
179
181
3
USD
59
60
62
6
HRK
11
12
13
4
XAG
1095
1096
1129
3
BHD
170
173
182
4
XAG
1227
1254
1355
4
BAM
45
50
53
2
CNY
7
8
9
3
GBP
98
103
112
2
BAM
42
44
45
3
TRY
41
43
44
3
ADF
5
7
8
7
GBP
99
109
112
3
TRY
35
40
42
4
XCD
20
23
24
2
ADF
7
9
10
8
HKD
4
6
7
4
XAG
892
971
1039
5
BHD
143
157
167
5
EGP
11
13
14
5
HRK
9
11
12
5
TRY
45
47
48
5
GBP
95
100
104
4
XCD
20
23
24
3
CNY
8
10
11
4
EGP
11
12
13
6
ADF
7
9
10
9
EGP
10
12
13
7
EGP
8
10
11
8
GBP
98
108
111
5
BAM
37
41
44
4
CNY
7
9
10
5
CAD
47
52
56
3
KWD
175
190
200
5
USD
60
63
66
7
HKD
6
8
9
5
XAG
996
1028
1111
6
Eur
87
92
93
8
ADF
6
7
8
10
EGP
10
12
13
9
CNY
6
8
9
6
TRY
36
41
44
6
BHD
167
181
183
6
HRK
11
13
14
6
XCD
21
23
25
4
GBP
92
93
94
6
CNY
8
10
11
7
BAM
46
48
52
5
KWD
227
248
263
6
CAD
51
54
57
4
GBP
85
92
97
7
KWD
218
224
240
7
ADF
8
9
10
11
BAM
37
40
43
6
BHD
165
168
177
7